0.993851	1
0.993575	1
0.944178	1
0.995767	1
0.037548	1
0.699690	1
0.866898	1
0.995671	1
0.000465	1
0.039332	1
0.994071	1
0.994901	1
0.000038	1
0.997267	1
0.978166	1
0.991330	1
0.001760	1
0.996997	1
0.991796	1
0.988219	1
0.992651	1
0.975024	1
0.971392	1
0.444682	1
0.842076	1
0.034470	1
0.000023	1
0.991357	1
0.992687	1
0.927749	1
0.897422	1
0.004117	1
0.997565	1
0.993785	1
0.994634	1
0.969236	1
0.848205	1
0.991117	1
0.979818	1
0.000001	1
0.906817	1
0.900599	1
0.996714	1
0.107911	1
0.989523	1
0.000986	1
0.992425	1
0.000001	1
0.490226	1
0.000264	1
0.000086	1
0.997788	1
0.961418	1
0.997150	1
0.944175	1
0.003704	1
0.116452	1
0.854400	1
0.936564	1
0.467166	1
0.000783	1
0.966112	1
0.979471	1
0.964848	1
0.978913	1
0.963878	1
0.989875	1
0.990963	1
0.000016	1
0.000041	1
0.000124	1
0.767011	1
0.000163	1
0.965972	1
0.997207	1
0.962195	1
0.961435	1
0.002558	1
0.979926	1
0.009162	1
0.892000	1
0.289681	1
0.861636	1
0.997073	1
0.737896	1
0.000072	1
0.998719	1
0.976566	1
0.074601	1
0.719499	1
0.988187	1
0.986459	1
0.988685	1
0.994790	1
0.084560	1
0.964507	1
0.995794	1
0.573455	1
0.982668	1
0.110195	1
0.800584	1
0.989939	1
0.970918	1
0.997476	1
0.751077	1
0.000008	1
0.000074	1
0.000715	1
0.998517	1
0.988257	1
0.005831	1
0.034795	1
0.993924	1
0.953856	1
0.986349	1
0.983666	1
0.984219	1
0.831241	1
0.003089	1
0.717780	1
0.000008	1
0.000129	1
0.975017	1
0.997278	1
0.870545	1
0.955888	1
0.926952	1
0.988922	1
0.958398	1
0.000005	1
0.002499	1
0.987033	1
0.949406	1
0.991439	1
0.000019	1
0.992090	1
0.970532	1
0.002135	1
0.988216	1
0.552709	1
0.989618	1
0.031743	1
0.981058	1
0.991729	1
0.147356	1
0.991553	1
0.981436	1
0.750750	1
0.411700	1
0.000815	1
0.000078	1
0.976131	1
0.993304	1
0.974509	1
0.224855	1
0.000015	1
0.434316	1
0.685819	1
0.991676	1
0.984634	1
0.916128	1
0.992556	1
0.950349	1
0.000106	1
0.978492	1
0.958786	1
0.989874	1
0.937825	1
0.990418	1
0.000189	1
0.949245	1
0.994773	1
0.000051	1
0.994541	1
0.983412	1
0.984503	1
0.976495	1
0.939142	1
0.893888	1
0.875673	1
0.980552	1
0.981193	1
0.988091	1
0.798732	1
0.995092	1
0.989710	1
0.209324	1
0.996754	1
0.054815	1
0.980432	1
0.000923	1
0.094661	1
0.955817	1
0.019442	1
0.973001	1
0.975199	1
0.000229	1
0.932843	1
0.016909	1
0.911405	1
0.975294	1
0.000437	1
0.981953	1
0.018348	1
0.568883	1
0.000511	1
0.985555	1
0.989511	1
0.000848	1
0.994975	1
0.014256	1
0.359929	1
0.000053	1
0.000000	1
0.841085	1
0.007162	1
0.000118	1
0.010705	1
0.987764	1
0.046051	1
0.984078	1
0.937834	1
0.876982	1
0.204667	1
0.983990	1
0.998396	1
0.922054	1
0.988213	1
0.974243	1
0.839372	1
0.389321	1
0.971637	1
0.000000	1
0.000006	1
0.993383	1
0.880196	1
0.995334	1
0.983382	1
0.975537	1
0.922689	1
0.992249	1
0.326685	1
0.986565	1
0.993895	1
0.886342	1
0.882834	1
0.971330	1
0.000115	1
0.987362	1
0.990693	1
0.983408	1
0.986537	1
0.997384	1
0.995092	1
0.001868	1
0.895644	1
0.000003	1
0.003356	1
0.001538	1
0.987820	1
0.971895	1
0.847844	1
0.000679	1
0.851638	1
0.000005	1
0.928928	1
0.987657	1
0.184216	1
0.282183	1
0.004752	1
0.994118	1
0.655840	1
0.000193	1
0.994240	1
0.963761	1
0.995565	1
0.996251	1
0.004936	1
0.267610	1
0.996411	1
0.000521	1
0.902665	1
0.994646	1
0.941277	1
0.994479	1
0.993771	1
0.983962	1
0.000002	1
0.000004	1
0.000012	1
0.008117	1
0.989074	1
0.982685	1
0.976619	1
0.018162	1
0.015011	1
0.984878	1
0.928192	1
0.997422	1
0.041664	1
0.107660	1
0.785147	1
0.035286	1
0.991559	1
0.990322	1
0.987480	1
0.976527	1
0.847982	1
0.001529	1
0.991814	1
0.000663	1
0.997558	1
0.014519	1
0.947068	1
0.000000	1
0.000001	1
0.997459	1
0.994403	1
0.996878	1
0.000000	1
0.991708	1
0.824077	1
0.990485	1
0.002504	1
0.012802	1
0.224583	1
0.986791	1
0.011494	1
0.987999	1
0.994232	1
0.000012	1
0.000669	1
0.992922	1
0.988766	1
0.024069	1
0.995436	1
0.817443	1
0.206756	1
0.996055	1
0.952966	1
0.000051	1
0.992968	1
0.075699	1
0.996295	1
0.994192	1
0.960833	1
0.978325	1
0.774446	1
0.141050	1
0.973270	1
0.000005	1
0.634353	1
0.980699	1
0.996437	1
0.000033	1
0.994008	1
0.992983	1
0.002037	1
0.801022	1
0.980827	1
0.992855	1
0.996554	1
0.986386	1
0.979522	1
0.645892	1
0.000003	1
0.001956	1
0.005332	1
0.860110	1
0.000140	1
0.840075	1
0.993408	1
0.992961	1
0.971958	1
0.126813	1
0.984811	1
0.966790	1
0.994104	1
0.199775	1
0.994715	1
0.061976	1
0.947672	1
0.981231	1
0.985304	1
0.000000	1
0.962213	1
0.987964	1
0.989363	1
0.993071	1
0.000034	1
0.714518	1
0.000131	1
0.955100	1
0.979534	1
0.993755	1
0.951717	1
0.996744	1
0.976240	1
0.987053	1
0.000199	1
0.097399	1
0.000903	1
0.008704	1
0.009360	1
0.524426	1
0.950030	1
0.000055	1
0.984072	1
0.000000	1
0.000007	1
0.981161	1
0.000340	1
0.034362	1
0.989420	1
0.007017	1
0.961670	1
0.237113	1
0.968989	1
0.976328	1
0.307974	1
0.828524	1
0.995754	1
0.547122	1
0.990485	1
0.991576	1
0.963204	1
0.881549	1
0.991295	1
0.000009	1
0.995784	1
0.985714	1
0.017975	1
0.996621	1
0.001028	1
0.951113	1
0.000806	1
0.041204	1
0.413455	1
0.995639	1
0.243086	1
0.989728	1
0.979419	1
0.924864	1
0.902362	1
0.991202	1
0.967386	1
0.961941	1
0.912099	1
0.102060	1
0.972767	1
0.996366	1
0.003826	1
0.944487	1
0.984246	1
0.001249	1
0.559172	1
0.995124	1
0.955067	1
0.004553	1
0.980999	1
0.959562	1
0.991497	1
0.013300	1
0.201839	1
0.995153	1
0.989332	1
0.011815	1
0.000097	1
0.599016	1
0.976899	1
0.000127	1
0.000044	1
0.952279	1
0.998331	1
0.996672	1
0.910454	1
0.893817	1
0.020100	1
0.993942	1
0.995611	1
0.943600	1
0.964830	1
0.995328	1
0.898998	1
0.308155	1
0.995277	1
0.000448	1
0.041464	1
0.000250	1
0.914337	1
0.008096	1
0.996794	1
0.972750	1
0.000034	1
0.996792	1
0.001499	1
0.982987	1
0.995669	1
0.001013	1
0.000004	1
0.810832	1
0.764379	1
0.905549	1
0.995402	1
0.958909	1
0.996560	1
0.007650	1
0.000892	1
0.987871	1
0.997444	1
0.000000	1
0.996672	1
0.991623	1
0.790765	1
0.985054	1
0.986852	1
0.891047	1
0.981914	1
0.929280	1
0.985512	1
0.995351	1
0.790554	1
0.004785	1
0.979101	1
0.997253	1
0.988632	1
0.050725	1
0.994064	1
0.997373	1
0.998081	1
0.981603	1
0.016041	1
0.993833	1
0.133257	1
0.992694	1
0.976345	1
0.000749	1
0.959716	1
0.995357	1
0.993725	1
0.963159	1
0.900522	1
0.052070	1
0.982784	1
0.862994	1
0.985173	1
0.994542	1
0.966206	1
0.998181	1
0.010555	1
0.000001	1
0.986035	1
0.972041	1
0.997504	1
0.037186	1
0.968949	1
0.720386	1
0.921097	1
0.986483	1
0.990061	1
0.995557	1
0.945183	1
0.000037	1
0.985384	1
0.501112	1
0.943272	1
0.636823	1
0.000000	1
0.994752	1
0.997501	1
0.000014	1
0.949375	1
0.967903	1
0.984836	1
0.015044	1
0.851119	1
0.031778	1
0.000052	1
0.704195	1
0.964470	1
0.960797	1
0.000067	1
0.968368	1
0.966356	1
0.953149	1
0.000017	1
0.994707	1
0.995707	1
0.971879	1
0.992998	1
0.661747	1
0.028892	1
0.994761	1
0.994481	1
0.986122	1
0.351374	1
0.856432	1
0.003682	1
0.983243	1
0.949877	1
0.989956	1
0.996741	1
0.000000	1
0.994904	1
0.000000	1
0.976919	1
0.000325	1
0.000013	1
0.641923	1
0.046106	1
0.998545	1
0.935880	1
0.929991	1
0.993454	1
0.996572	1
0.994205	1
0.988323	1
0.995953	1
0.995290	1
0.948419	1
0.987008	1
0.030817	1
0.000246	1
0.989293	1
0.944666	1
0.727595	1
0.029474	1
0.980502	1
0.000214	1
0.000080	1
0.864606	1
0.001087	1
0.005710	1
0.955873	1
0.000493	1
0.758815	1
0.125636	1
0.001166	1
0.979874	1
0.997334	1
0.000008	1
0.314090	1
0.996361	1
0.993109	1
0.054544	1
0.996447	1
0.006095	1
0.000000	1
0.973708	1
0.915195	1
0.984095	1
0.002582	1
0.988051	1
0.005940	1
0.976991	1
0.993145	1
0.817900	1
0.988874	1
0.995625	1
0.940817	1
0.990042	1
0.990359	1
0.978742	1
0.005081	1
0.007517	1
0.034940	1
0.983585	1
0.920135	1
0.985849	1
0.959678	1
0.982509	1
0.979538	1
0.981291	1
0.449368	1
0.000035	1
0.928570	1
0.990769	1
0.449998	1
0.009264	1
0.004920	1
0.940630	1
0.968304	1
0.100325	1
0.994899	1
0.649693	1
0.134441	1
0.488760	1
0.998159	1
0.954259	1
0.992778	1
0.986604	1
0.997081	1
0.972960	1
0.000012	1
0.145740	1
0.985803	1
0.989549	1
0.998648	1
0.993826	1
0.937538	1
0.976538	1
0.991668	1
0.623938	1
0.000047	1
0.977459	1
0.997435	1
0.820893	1
0.929824	1
0.992274	1
0.096080	1
0.000039	1
0.995443	1
0.987235	1
0.933614	1
0.000001	1
0.843753	1
0.854991	1
0.043932	1
0.992437	1
0.000066	1
0.995948	1
0.939804	1
0.002762	1
0.986721	1
0.000886	1
0.949303	1
0.541107	1
0.983018	1
0.995758	1
0.976044	1
0.995768	1
0.104677	1
0.000048	1
0.994301	1
0.000000	1
0.006705	1
0.000140	1
0.012396	1
0.957287	1
0.914267	1
0.996997	1
0.995012	1
0.992754	1
0.997267	1
0.909520	1
0.030804	1
0.973831	1
0.991850	1
0.952565	1
0.021992	1
0.963407	1
0.979969	1
0.998025	1
0.972828	1
0.025651	1
0.995841	1
0.972566	1
0.983064	1
0.995842	1
0.995883	1
0.978382	1
0.946149	1
0.956871	1
0.000014	1
0.975896	1
0.997707	1
0.994738	1
0.903819	1
0.992059	1
0.991782	1
0.000034	1
0.606485	1
0.990077	1
0.989450	1
0.096415	1
0.986775	1
0.899770	1
0.997285	1
0.989087	1
0.993515	1
0.027220	1
0.974312	1
0.555543	1
0.988929	1
0.000004	1
0.992206	1
0.992184	1
0.048121	1
0.993108	1
0.861042	1
0.072361	1
0.991875	1
0.996385	1
0.946041	1
0.980280	1
0.980099	1
0.927983	1
0.963412	1
0.992476	1
0.967864	1
0.823291	1
0.992860	1
0.997114	1
0.987135	1
0.997276	1
0.988843	1
0.865447	1
0.846826	1
0.989571	1
0.000049	1
0.992341	1
0.959249	1
0.969968	1
0.984428	1
0.014758	1
0.960645	1
0.321111	1
0.997596	1
0.000211	1
0.000749	1
0.993721	1
0.180526	1
0.990933	1
0.000021	1
0.983318	1
0.015131	1
0.000000	1
0.000984	1
0.923995	1
0.954664	1
0.962613	1
0.806498	1
0.011231	1
0.980790	1
0.998041	1
0.027841	1
0.993761	1
0.996795	1
0.981646	1
0.001246	1
0.997120	1
0.671856	1
0.949116	1
0.983996	1
0.988246	1
0.989245	1
0.996665	1
0.990519	1
0.996576	1
0.574980	1
0.001057	1
0.965852	1
0.961727	1
0.976770	1
0.995401	1
0.974425	1
0.972055	1
0.006019	1
0.993988	1
0.018756	1
0.175784	1
0.093329	1
0.954611	1
0.990076	1
0.486209	1
0.968168	1
0.283195	1
0.986274	1
0.963593	1
0.974067	1
0.990222	1
0.997064	1
0.986551	1
0.933430	1
0.995380	1
0.773939	1
0.996533	1
0.988328	1
0.970823	1
0.550613	1
0.974448	1
0.072174	1
0.992535	1
0.000029	1
0.979901	1
0.000010	1
0.009181	1
0.014749	1
0.000214	1
0.000415	1
0.991090	1
0.000013	1
0.002338	1
0.006449	1
0.017556	1
0.002455	1
0.995213	1
0.004770	1
0.996634	1
0.995556	1
0.099528	1
0.994260	1
0.995913	1
0.989825	1
0.994661	1
0.967639	1
0.015597	1
0.991900	1
0.083960	1
0.976887	1
0.977727	1
0.358881	1
0.001391	1
0.946600	1
0.869027	1
0.996646	1
0.994985	1
0.991296	1
0.995193	1
0.089447	1
0.950532	1
0.997355	1
0.000008	1
0.005281	1
0.000078	1
0.990246	1
0.228595	1
0.550225	1
0.973473	1
0.995048	1
0.982243	1
0.991446	1
0.968520	1
0.969116	1
0.992260	1
0.385779	1
0.994737	1
0.988416	1
0.961652	1
0.108219	1
0.322888	1
0.963263	1
0.876398	1
0.000003	1
0.004054	1
0.000008	1
0.992529	1
0.993018	1
0.000463	1
0.992878	1
0.939461	1
0.950524	1
0.396409	1
0.000002	1
0.983312	1
0.996593	1
0.984412	1
0.994713	1
0.989185	1
0.173020	1
0.997442	1
0.992431	1
0.000011	1
0.928056	1
0.997686	1
0.962741	1
0.884513	1
0.008818	1
0.000937	1
0.983868	1
0.525211	1
0.995346	1
0.948495	1
0.927624	1
0.027308	1
0.976842	1
0.799079	1
0.003907	1
0.672219	1
0.989262	1
0.990939	1
0.705959	1
0.056397	1
0.943637	1
0.995600	1
0.660439	1
0.002349	1
0.997097	1
0.994103	1
0.233599	1
0.911575	1
0.097391	1
0.512622	1
0.007050	1
0.987453	1
0.000035	1
0.114673	1
0.991058	1
0.961493	1
0.000001	1
0.882389	1
0.975988	1
0.000669	1
0.000586	1
0.986130	1
0.000000	1
0.566296	1
0.001474	1
0.015505	1
0.997696	1
0.958078	1
0.000091	1
0.000081	1
0.278788	1
0.048399	1
0.992535	1
0.425304	1
0.928673	1
0.000000	1
0.000029	1
0.012614	1
0.969265	1
0.952212	1
0.984955	1
0.000044	1
0.000009	1
0.993954	1
0.960216	1
0.996613	1
0.932229	1
0.040773	1
0.000729	1
0.755990	1
0.984607	1
0.986083	1
0.229415	1
0.004505	1
0.190303	1
0.997360	1
0.000020	1
0.015786	1
0.959429	1
0.954886	1
0.996114	1
0.000000	1
0.279963	1
0.114610	1
0.136240	1
0.000785	1
0.996763	1
0.031309	1
0.817001	1
0.998249	1
0.995644	1
0.018815	1
0.000019	1
0.981447	1
0.370238	1
0.980114	1
0.004194	1
0.995709	1
0.003397	1
0.038408	1
0.698793	1
0.012202	1
0.016149	1
0.378356	1
0.571193	1
0.963080	1
0.978226	1
0.978698	1
0.000723	1
0.993201	1
0.594216	1
0.995037	1
0.997116	1
0.986764	1
0.992491	1
0.992888	1
0.993991	1
0.982698	1
0.001229	1
0.030715	1
0.989603	1
0.991915	1
0.982416	1
0.593542	1
0.000011	1
0.014629	1
0.775640	1
0.873339	1
0.848471	1
0.000000	1
0.304956	1
0.958895	1
0.993366	1
0.996853	1
0.967289	1
0.000018	1
0.984816	1
0.000026	1
0.996207	1
0.911177	1
0.989872	1
0.005496	1
0.935102	1
0.270444	1
0.034820	1
0.981872	1
0.973294	1
0.000046	1
0.000033	1
0.811803	1
0.998706	1
0.993497	1
0.996054	1
0.008450	1
0.988534	1
0.057514	1
0.985960	1
0.000704	1
0.799038	1
0.963779	1
0.006589	1
0.994095	1
0.998069	1
0.427314	1
0.995735	1
0.233467	1
0.977472	1
0.915801	1
0.301394	1
0.934164	1
0.982676	1
0.008484	1
0.946686	1
0.993451	1
0.003054	1
0.951537	1
0.742962	1
0.915835	1
0.302456	1
0.000005	1
0.972031	1
0.862421	1
0.469716	1
0.933092	1
0.994114	1
0.051823	1
0.990976	1
0.970209	1
0.217401	1
0.982300	1
0.003278	1
0.405901	1
0.453034	1
0.993722	1
0.994340	1
0.123907	1
0.284343	1
0.001749	1
0.000000	1
0.263034	1
0.993137	1
0.994838	1
0.000040	1
0.978671	1
0.000065	1
0.945855	1
0.993078	1
0.000001	1
0.958793	1
0.307375	1
0.689979	1
0.000001	1
0.607091	1
0.993438	1
0.997837	1
0.996506	1
0.976487	1
0.000000	1
0.924762	1
0.982631	1
0.978029	1
0.981272	1
0.981658	1
0.758720	1
0.994649	1
0.688245	1
0.012900	1
0.986207	1
0.996377	1
0.001966	1
0.995334	1
0.084525	1
0.996579	1
0.000013	1
0.002129	1
0.003819	1
0.987520	1
0.001120	1
0.967414	1
0.973114	1
0.989438	1
0.008881	1
0.518403	1
0.131980	1
0.989386	1
0.950576	1
0.996374	1
0.432842	1
0.978733	1
0.000342	1
0.997970	1
0.014907	1
0.000158	1
0.000553	1
0.000247	1
0.893062	1
0.995899	1
0.982594	1
0.993705	1
0.071745	1
0.062840	1
0.824776	1
0.993434	1
0.915144	1
0.996724	1
0.994325	1
0.834567	1
0.995255	1
0.998062	1
0.982723	1
0.697475	1
0.968978	1
0.997645	1
0.000072	1
0.009323	1
0.655427	1
0.000511	1
0.000616	1
0.994537	1
0.942330	1
0.614119	1
0.991975	1
0.009129	1
0.006197	1
0.993178	1
0.995404	1
0.985617	1
0.820223	1
0.997576	1
0.952412	1
0.001120	1
0.995852	1
0.777825	1
0.992477	1
0.208610	1
0.003947	1
0.982879	1
0.506156	1
0.967736	1
0.912824	1
0.994985	1
0.090121	1
0.976735	1
0.500073	1
0.764540	1
0.651926	1
0.153056	1
0.000007	1
0.000291	1
0.000000	1
0.087074	1
0.993999	1
0.995640	1
0.000547	1
0.766807	1
0.949958	1
0.814736	1
0.992630	1
0.691288	1
0.056940	1
0.047028	1
0.011567	1
0.032830	1
0.301917	1
0.515074	1
0.431998	1
0.981428	1
0.680436	1
0.986251	1
0.980659	1
0.991988	1
0.824002	1
0.964148	1
0.006090	1
0.586022	1
0.000063	1
0.010886	1
0.960934	1
0.991745	1
0.978523	1
0.996308	1
0.891882	1
0.361168	1
0.000008	1
0.268232	1
0.966690	1
0.997180	1
0.750109	1
0.000043	1
0.107118	1
0.971539	1
0.068562	1
0.068934	1
0.972990	1
0.000542	1
0.994983	1
0.011016	1
0.020214	1
0.000004	1
0.997355	1
0.759997	1
0.277519	1
0.819057	1
0.971279	1
0.926475	1
0.936422	1
0.107674	1
0.910323	1
0.889409	1
0.990790	1
0.031346	1
0.981152	1
0.000000	1
0.878405	1
0.367116	1
0.989620	1
0.994679	1
0.982658	1
0.994736	1
0.972631	1
0.000326	1
0.971290	1
0.979121	1
0.006205	1
0.995918	1
0.977921	1
0.993374	1
0.409229	1
0.971863	1
0.000037	1
0.008303	1
0.009924	1
0.864072	1
0.989644	1
0.961353	1
0.049980	1
0.865990	1
0.011891	1
0.972474	1
0.029996	1
0.965369	1
0.000018	1
0.995582	1
0.751529	1
0.426312	1
0.005976	1
0.983734	1
0.958374	1
0.993253	1
0.981061	1
0.994539	1
0.000118	1
0.000050	1
0.000000	1
0.995344	1
0.048265	1
0.000005	1
0.000063	1
0.989661	1
0.077093	1
0.963529	1
0.005117	1
0.064453	1
0.997194	1
0.958376	1
0.994552	1
0.846747	1
0.926979	1
0.992170	1
0.970288	1
0.996056	1
0.997453	1
0.000021	1
0.842426	1
0.028365	1
0.015094	1
0.000019	1
0.983236	1
0.997072	1
0.996736	1
0.039849	1
0.993501	1
0.995772	1
0.980369	1
0.818435	1
0.127222	1
0.975089	1
0.979512	1
0.232765	1
0.988847	1
0.927780	1
0.955023	1
0.010114	1
0.032284	1
0.807544	1
0.037187	1
0.932533	1
0.993276	1
0.867870	1
0.016978	1
0.000101	1
0.990162	1
0.990690	1
0.996936	1
0.975894	1
0.000188	1
0.706547	1
0.000092	1
0.212861	1
0.991450	1
0.640025	1
0.026336	1
0.967016	1
0.644216	1
0.967896	1
0.982314	1
0.000001	1
0.945387	1
0.866411	1
0.002660	1
0.026762	1
0.983182	1
0.987821	1
0.987041	1
0.000002	1
0.019219	1
0.954399	1
0.846438	1
0.911603	1
0.956601	1
0.988373	1
0.025650	1
0.985638	1
0.996209	1
0.968705	1
0.967496	1
0.434852	1
0.013911	1
0.865168	1
0.935598	1
0.977625	1
0.970436	1
0.986258	1
0.945583	1
0.001819	1
0.965975	1
0.000016	1
0.994958	1
0.991109	1
0.000111	1
0.038079	1
0.000124	1
0.971848	1
0.001022	1
0.987211	1
0.000013	1
0.824988	1
0.993749	1
0.992365	1
0.952218	1
0.996563	1
0.000000	1
0.994748	1
0.994039	1
0.980514	1
0.937613	1
0.937277	1
0.000015	1
0.984776	1
0.000640	1
0.983576	1
0.995907	1
0.267954	1
0.969201	1
0.997132	1
0.000057	1
0.980023	1
0.344335	1
0.996114	1
0.998074	1
0.043669	1
0.060631	1
0.892928	1
0.961836	1
0.391791	1
0.001469	1
0.967016	1
0.000005	1
0.995934	1
0.990647	1
0.995128	1
0.985569	1
0.987802	1
0.098750	1
0.921971	1
0.996433	1
0.984069	1
0.739997	1
0.993793	1
0.996193	1
0.980472	1
0.982563	1
0.000020	1
0.994442	1
0.000008	1
0.995560	1
0.020919	1
0.983999	1
0.986696	1
0.303575	1
0.000059	1
0.978458	1
0.967434	1
0.554500	1
0.000399	1
0.000032	1
0.995988	1
0.894542	1
0.000042	1
0.028905	1
0.467819	1
0.000892	1
0.991366	1
0.758605	1
0.000464	1
0.964433	1
0.996160	1
0.989538	1
0.997057	1
0.972022	1
0.020719	1
0.905665	1
0.017075	1
0.269244	1
0.990358	1
0.877466	1
0.972876	1
0.733803	1
0.000011	1
0.975477	1
0.991220	1
0.000613	1
0.996047	1
0.995277	1
0.615994	1
0.993532	1
0.000001	1
0.985593	1
0.799750	1
0.000330	1
0.001852	1
0.997133	1
0.000002	1
0.193081	1
0.994042	1
0.762445	1
0.000016	1
0.985839	1
0.135217	1
0.000001	1
0.997485	1
0.116519	1
0.993343	1
0.990817	1
0.987632	1
0.001467	1
0.324628	1
0.003585	1
0.025466	1
0.977341	1
0.828270	1
0.994777	1
0.874937	1
0.424500	1
0.780735	1
0.000005	1
0.985594	1
0.981285	1
0.994238	1
0.657331	1
0.984683	1
0.738589	1
0.968203	1
0.975288	1
0.020521	1
0.001684	1
0.991537	1
0.975517	1
0.995844	1
0.994165	1
0.875037	1
0.832521	1
0.000517	1
0.000000	1
0.000028	1
0.014202	1
0.995251	1
0.994534	1
0.880467	1
0.948912	1
0.991106	1
0.988809	1
0.900489	1
0.991130	1
0.916763	1
0.971876	1
0.966947	1
0.126701	1
0.217234	1
0.000800	1
0.978459	1
0.979645	1
0.966679	1
0.714413	1
0.783189	1
0.354142	1
0.070065	1
0.000174	1
0.900191	1
0.996520	1
0.000577	1
0.000113	1
0.990393	1
0.992552	1
0.982407	1
0.982717	1
0.000003	1
0.117913	1
0.991212	1
0.997978	1
0.988327	1
0.993016	1
0.834014	1
0.001406	1
0.933149	1
0.361860	1
0.973237	1
0.259608	1
0.873193	1
0.013443	1
0.967233	1
0.902089	1
0.995420	1
0.003362	1
0.000103	1
0.000352	1
0.988452	1
0.992015	1
0.706686	1
0.965077	1
0.894230	1
0.044887	1
0.004549	1
0.088654	1
0.934420	1
0.980366	1
0.994169	1
0.868316	1
0.000000	1
0.357780	1
0.000006	1
0.882942	1
0.998427	1
0.935338	1
0.011577	1
0.222130	1
0.000112	1
0.989118	1
0.600890	1
0.000645	1
0.987891	1
0.993845	1
0.791431	1
0.976774	1
0.000111	1
0.000385	1
0.991999	1
0.996477	1
0.975561	1
0.996035	1
0.993365	1
0.995698	1
0.786032	1
0.974439	1
0.991259	1
0.000115	1
0.993788	1
0.998810	1
0.994646	1
0.000006	1
0.873625	1
0.989256	1
0.995571	1
0.867702	1
0.976401	1
0.944282	1
0.996632	1
0.996206	1
0.000315	1
0.107807	1
0.001128	1
0.991020	1
0.978605	1
0.906330	1
0.000021	1
0.995067	1
0.001202	1
0.972876	1
0.776730	1
0.749871	1
0.492795	1
0.990687	1
0.992145	1
0.989493	1
0.984594	1
0.912914	1
0.944439	1
0.993512	1
0.000035	1
0.454455	1
0.772273	1
0.961594	1
0.998345	1
0.992466	1
0.962458	1
0.931214	1
0.981544	1
0.948590	1
0.712493	1
0.000138	1
0.257397	1
0.996320	1
0.000318	1
0.984905	1
0.893479	1
0.983173	1
0.998117	1
0.636793	1
0.995936	1
0.000017	1
0.682735	1
0.001263	1
0.985485	1
0.208005	1
0.969653	1
0.986413	1
0.000174	1
0.760757	1
0.960609	1
0.988903	1
0.982702	1
0.003599	1
0.983701	1
0.996438	1
0.354940	1
0.946639	1
0.985410	1
0.326959	1
0.990759	1
0.963603	1
0.990685	1
0.518656	1
0.981081	1
0.989355	1
0.002683	1
0.000002	1
0.909473	1
0.894712	1
0.519411	1
0.959979	1
0.455981	1
0.093768	1
0.250996	1
0.990022	1
0.703915	1
0.000001	1
0.001796	1
0.961822	1
0.000000	1
0.995305	1
0.994302	1
0.986364	1
0.980997	1
0.548182	1
0.547161	1
0.981677	1
0.997908	1
0.969163	1
0.994446	1
0.114463	1
0.674311	1
0.988306	1
0.992944	1
0.000242	1
0.800432	1
0.918944	1
0.988719	1
0.617352	1
0.994056	1
0.438192	1
0.195688	1
0.989300	1
0.990833	1
0.983177	1
0.996050	1
0.970707	1
0.319213	1
0.974167	1
0.995563	1
0.000003	1
0.025971	1
0.000000	1
0.102015	1
0.961462	1
0.986929	1
0.984077	1
0.021610	1
0.921059	1
0.798484	1
0.975073	1
0.858993	1
0.000128	1
0.032015	1
0.055110	1
0.938203	1
0.934829	1
0.906650	1
0.000211	1
0.003307	1
0.944326	1
0.980724	1
0.996289	1
0.063888	1
0.001215	1
0.984243	1
0.992714	1
0.940271	1
0.962224	1
0.993768	1
0.000219	1
0.209571	1
0.615078	1
0.988569	1
0.993622	1
0.080928	1
0.030781	1
0.300666	1
0.936131	1
0.997299	1
0.040316	1
0.980144	1
0.962727	1
0.000011	1
0.986440	1
0.073242	1
0.991026	1
0.995292	1
0.988312	1
0.000616	1
0.979999	1
0.976864	1
0.949901	1
0.986948	1
0.992410	1
0.000001	1
0.996518	1
0.996891	1
0.000021	1
0.997115	1
0.287988	1
0.522855	1
0.953693	1
0.081444	1
0.000686	1
0.130970	1
0.000365	1
0.976974	1
0.996991	1
0.987234	1
0.894584	1
0.952853	1
0.960811	1
0.990120	1
0.000003	1
0.929966	1
0.994878	1
0.988980	1
0.419835	1
0.000757	1
0.936577	1
0.643441	1
0.786903	1
0.937986	1
0.892829	1
0.931266	1
0.995922	1
0.869628	1
0.000024	1
0.994732	1
0.994151	1
0.010575	1
0.007799	1
0.015722	1
0.992867	1
0.997581	1
0.975622	1
0.971888	1
0.997012	1
0.973106	1
0.426302	1
0.993291	1
0.000705	1
0.299530	1
0.996261	1
0.965232	1
0.926612	1
0.000028	1
0.028320	1
0.995466	1
0.993625	1
0.970481	1
0.000000	1
0.893287	1
0.000008	1
0.991829	1
0.942865	1
0.251381	1
0.982896	1
0.929555	1
0.966801	1
0.000001	1
0.841230	1
0.000360	1
0.994179	1
0.998282	1
0.996863	1
0.000031	1
0.978249	1
0.036274	1
0.023579	1
0.987663	1
0.969082	1
0.993208	1
0.668929	1
0.976857	1
0.875388	1
0.973849	1
0.103761	1
0.131443	1
0.059769	1
0.997615	1
0.036573	1
0.938631	1
0.517411	1
0.934674	1
0.996023	1
0.988303	1
0.915354	1
0.995030	1
0.996189	1
0.996509	1
0.994485	1
0.990112	1
0.889726	1
0.989279	1
0.000010	1
0.021887	1
0.612314	1
0.000016	1
0.981544	1
0.996694	1
0.968430	1
0.993835	1
0.962184	1
0.010743	1
0.988400	1
0.988336	1
0.000835	1
0.154804	1
0.982762	1
0.000022	1
0.363226	1
0.354157	1
0.931319	1
0.834022	1
0.033500	1
0.000000	1
0.980290	1
0.984165	1
0.994967	1
0.964908	1
0.000003	1
0.951705	1
0.988130	1
0.993003	1
0.073533	1
0.996156	1
0.947962	1
0.975094	1
0.120355	1
0.105481	1
0.986421	1
0.000017	1
0.992708	1
0.158558	1
0.289154	1
0.641759	1
0.974410	1
0.997626	1
0.000225	1
0.916656	1
0.735558	1
0.967329	1
0.990781	1
0.806740	1
0.666096	1
0.985441	1
0.851419	1
0.000028	1
0.990784	1
0.000703	1
0.000005	1
0.873906	1
0.995226	1
0.000004	1
0.990973	1
0.960234	1
0.000301	1
0.991439	1
0.021136	1
0.903742	1
0.951862	1
0.994819	1
0.877128	1
0.987404	1
0.021718	1
0.039497	1
0.987882	1
0.005096	1
0.993066	1
0.989885	1
0.000220	1
0.000625	1
0.797633	1
0.619309	1
0.002137	1
0.049402	1
0.000688	1
0.970563	1
0.971643	1
0.978554	1
0.997686	1
0.735727	1
0.000094	1
0.000008	1
0.000108	1
0.000000	1
0.000213	1
0.996719	1
0.964730	1
0.067159	1
0.994998	1
0.980095	1
0.011940	1
0.994590	1
0.015556	1
0.945564	1
0.972920	1
0.046122	1
0.997812	1
0.000112	1
0.976635	1
0.992735	1
0.001657	1
0.869401	1
0.007823	1
0.000100	1
0.555479	1
0.993685	1
0.995104	1
0.508719	1
0.746868	1
0.965275	1
0.997910	1
0.962765	1
0.988511	1
0.988863	1
0.977160	1
0.986618	1
0.000020	1
0.995202	1
0.869052	1
0.986896	1
0.313842	1
0.956183	1
0.007125	1
0.030020	1
0.996558	1
0.000567	1
0.000000	1
0.995486	1
0.000163	1
0.988973	1
0.974883	1
0.774392	1
0.983461	1
0.957605	1
0.975726	1
0.500984	1
0.921173	1
0.998258	1
0.991535	1
0.948780	1
0.994366	1
0.806214	1
0.998052	1
0.962925	1
0.022154	1
0.997912	1
0.994219	1
0.000024	1
0.087131	1
0.268716	1
0.000033	1
0.677325	1
0.996876	1
0.987493	1
0.990319	1
0.989851	1
0.416000	1
0.000057	1
0.988155	1
0.003304	1
0.000634	1
0.918509	1
0.953470	1
0.777135	1
0.981869	1
0.994669	1
0.992904	1
0.989478	1
0.992480	1
0.988018	1
0.994334	1
0.995827	1
0.209976	1
0.903770	1
0.991920	1
0.974385	1
0.987970	1
0.296292	1
0.934922	1
0.995798	1
0.997499	1
0.997256	1
0.583001	1
0.998326	1
0.023270	1
0.992207	1
0.980291	1
0.997887	1
0.073088	1
0.004619	1
0.003390	1
0.951023	1
0.487433	1
0.011667	1
0.996847	1
0.000717	1
0.993394	1
0.980428	1
0.120959	1
0.867123	1
0.965580	1
0.000000	1
0.000067	1
0.952288	1
0.983281	1
0.000106	1
0.000430	1
0.989359	1
0.508124	1
0.611890	1
0.920645	1
0.985762	1
0.418669	1
0.932259	1
0.996587	1
0.994795	1
0.986884	1
0.996076	1
0.000013	1
0.986618	1
0.992048	1
0.986861	1
0.996400	1
0.987082	1
0.000000	1
0.986796	1
0.994592	1
0.657918	1
0.991839	1
0.994605	1
0.001509	1
0.732530	1
0.998884	1
0.017939	1
0.988589	1
0.994000	1
0.996102	1
0.000000	1
0.852284	1
0.971393	1
0.422302	1
0.717760	1
0.989821	1
0.162186	1
0.000016	1
0.977657	1
0.942359	1
0.000031	1
0.986157	1
0.990190	1
0.996195	1
0.991706	1
0.997656	1
0.991393	1
0.091841	1
0.000777	1
0.000000	1
0.993882	1
0.000000	1
0.357910	1
0.935385	1
0.000084	1
0.860479	1
0.000240	1
0.651750	1
0.449635	1
0.968448	1
0.962592	1
0.935730	1
0.987773	1
0.015481	1
0.993542	1
0.015695	1
0.990110	1
0.597646	1
0.994718	1
0.997714	1
0.000019	1
0.000079	1
0.995480	1
0.000000	1
0.794982	1
0.990383	1
0.000031	1
0.000000	1
0.991392	1
0.003894	1
0.889549	1
0.912248	1
0.087174	1
0.000002	1
0.997373	1
0.066291	1
0.000005	1
0.962909	1
0.984520	1
0.018078	1
0.124168	1
0.317990	1
0.995865	1
0.984604	1
0.889733	1
0.989022	1
0.990980	1
0.000002	1
0.990803	1
0.994689	1
0.997003	1
0.000314	1
0.003117	1
0.000055	1
0.920345	1
0.991962	1
0.989253	1
0.984644	1
0.996478	1
0.655908	1
0.996926	1
0.975809	1
0.004689	1
0.000069	1
0.000006	1
0.987808	1
0.003149	1
0.007358	1
0.025009	1
0.987496	1
0.000000	1
0.995841	1
0.871373	1
0.177600	1
0.958130	1
0.973328	1
0.996418	1
0.996970	1
0.993523	1
0.000156	1
0.992081	1
0.989338	1
0.995677	1
0.969880	1
0.883741	1
0.976709	1
0.923004	1
0.991753	1
0.000017	1
0.000010	1
0.000383	1
0.995785	1
0.944310	1
0.000224	1
0.815081	1
0.763468	1
0.000119	1
0.002538	1
0.000008	1
0.987839	1
0.021658	1
0.000003	1
0.991463	1
0.157706	1
0.984259	1
0.000001	1
0.995980	1
0.147892	1
0.547248	1
0.993329	1
0.965586	1
0.000522	1
0.968891	1
0.000019	1
0.997236	1
0.000001	1
0.993915	1
0.006284	1
0.996593	1
0.964585	1
0.996387	1
0.018882	1
0.000000	1
0.997748	1
0.000000	1
0.000044	1
0.000008	1
0.995683	1
0.117247	1
0.963329	1
0.985099	1
0.011956	1
0.993080	1
0.974511	1
0.993304	1
0.968821	1
0.000021	1
0.013913	1
0.000086	1
0.990761	1
0.789129	1
0.003759	1
0.995130	1
0.002171	1
0.993088	1
0.985247	1
0.000005	1
0.997200	1
0.755760	1
0.990336	1
0.961561	1
0.979708	1
0.926029	1
0.000046	1
0.002651	1
0.993860	1
0.985072	1
0.988511	1
0.003364	1
0.945531	1
0.017547	1
0.890385	1
0.014588	1
0.002816	1
0.980702	1
0.116381	1
0.981469	1
0.012053	1
0.979699	1
0.988210	1
0.990730	1
0.000212	1
0.877485	1
0.989454	1
0.000000	1
0.016433	1
0.987441	1
0.021201	1
0.996851	1
0.924376	1
0.415514	1
0.753372	1
0.001389	1
0.990376	1
0.000336	1
0.907909	1
0.000003	1
0.000441	1
0.975843	1
0.126250	1
0.000006	1
0.853346	1
0.004136	1
0.987682	1
0.000016	1
0.026603	1
0.972426	1
0.006255	1
0.680469	1
0.896144	1
0.005525	1
0.000015	1
0.996307	1
0.002516	1
0.180329	1
0.976908	1
0.992421	1
0.894199	1
0.000001	1
0.985586	1
0.994017	1
0.000105	1
0.977818	1
0.997671	1
0.834925	1
0.000008	1
0.996732	1
0.000034	1
0.000044	1
0.223809	1
0.018544	1
0.996444	1
0.972090	1
0.997978	1
0.009773	1
0.916987	1
0.006830	1
0.073004	1
0.989333	1
0.993837	1
0.000141	1
0.997078	1
0.000317	1
0.983454	1
0.938374	1
0.000007	1
0.992628	1
0.993053	1
0.132009	1
0.988568	1
0.994227	1
0.908201	1
0.002918	1
0.997128	1
0.980804	1
0.996288	1
0.961703	1
0.998156	1
0.121081	1
0.000861	1
0.355009	1
0.000036	1
0.824624	1
0.987272	1
0.981715	1
0.000015	1
0.733611	1
0.083531	1
0.000358	1
0.959597	1
0.004403	1
0.002150	1
0.984622	1
0.802267	1
0.000000	1
0.000013	1
0.001127	1
0.995802	1
0.011502	1
0.996671	1
0.996272	1
0.046176	1
0.993985	1
0.000007	1
0.997735	1
0.996116	1
0.695626	1
0.995965	1
0.992820	1
0.920843	1
0.734785	1
0.001821	1
0.176239	1
0.157257	1
0.000017	1
0.996140	1
0.951522	1
0.088303	1
0.503109	1
0.966953	1
0.985715	1
0.993473	1
0.000232	1
0.822341	1
0.996815	1
0.002898	1
0.202864	1
0.044426	1
0.991646	1
0.992477	1
0.213632	1
0.016052	1
0.985780	1
0.759562	1
0.984642	1
0.969906	1
0.991391	1
0.994796	1
0.983122	1
0.987712	1
0.995188	1
0.843026	1
0.985453	1
0.969736	1
0.979107	1
0.969779	1
0.994996	1
0.998502	1
0.131605	1
0.797043	1
0.993623	1
0.075077	1
0.147985	1
0.003807	1
0.990928	1
0.983302	1
0.964193	1
0.011633	1
0.990145	1
0.985356	1
0.936605	1
0.000003	1
0.994678	1
0.889551	1
0.997285	1
0.883647	1
0.996429	1
0.971249	1
0.974989	1
0.988267	1
0.994303	1
0.357700	1
0.992967	1
0.989578	1
0.000317	1
0.000004	1
0.001656	1
0.973677	1
0.997805	1
0.856329	1
0.993151	1
0.000602	1
0.993459	1
0.470371	1
0.936287	1
0.957046	1
0.989655	1
0.994034	1
0.013685	1
0.914169	1
0.993264	1
0.784561	1
0.993779	1
0.988993	1
0.998125	1
0.000043	1
0.000038	1
0.658763	1
0.011020	1
0.996269	1
0.933851	1
0.988017	1
0.000000	1
0.828573	1
0.969895	1
0.986548	1
0.000002	1
0.971592	1
0.906423	1
0.011562	1
0.001090	1
0.993732	1
0.994304	1
0.997410	1
0.000287	1
0.002300	1
0.852319	1
0.752160	1
0.995335	1
0.140353	1
0.984678	1
0.000622	1
0.993398	1
0.976265	1
0.996466	1
0.996331	1
0.997575	1
0.992691	1
0.745480	1
0.466494	1
0.967225	1
0.957481	1
0.951998	1
0.705372	1
0.996050	1
0.371743	1
0.000000	1
0.000024	1
0.997220	1
0.000160	1
0.988197	1
0.742685	1
0.992673	1
0.994323	1
0.908493	1
0.965959	1
0.976510	1
0.003287	1
0.992956	1
0.995518	1
0.000488	1
0.978300	1
0.893255	1
0.993365	1
0.985907	1
0.922647	1
0.961494	1
0.991905	1
0.000041	1
0.991339	1
0.884789	1
0.996389	1
0.163384	1
0.983726	1
0.975203	1
0.993080	1
0.962520	1
0.964617	1
0.997356	1
0.994859	1
0.026277	1
0.994479	1
0.923008	1
0.604198	1
0.920565	1
0.978025	1
0.826249	1
0.956651	1
0.983778	1
0.000015	1
0.000023	1
0.767034	1
0.644538	1
0.000909	1
0.828557	1
0.980298	1
0.556920	1
0.031338	1
0.000301	1
0.179501	1
0.957841	1
0.990613	1
0.750107	1
0.997839	1
0.755510	1
0.966778	1
0.993723	1
0.000005	1
0.000000	1
0.936838	1
0.701225	1
0.944367	1
0.991665	1
0.994771	1
0.001165	1
0.995195	1
0.965260	1
0.992747	1
0.710865	1
0.937159	1
0.946959	1
0.912079	1
0.988222	1
0.991985	1
0.800309	1
0.000007	1
0.985461	1
0.992554	1
0.912696	1
0.564871	1
0.985007	1
0.503618	1
0.992227	1
0.903695	1
0.958507	1
0.081354	1
0.996601	1
0.994219	1
0.972370	1
0.000610	1
0.981201	1
0.980453	1
0.994419	1
0.000006	1
0.973983	1
0.967718	1
0.969031	1
0.037962	1
0.991776	1
0.994611	1
0.988897	1
0.722751	1
0.998897	1
0.994344	1
0.431822	1
0.954109	1
0.336842	1
0.000107	1
0.780839	1
0.990410	1
0.991163	1
0.000355	1
0.972682	1
0.949197	1
0.997818	1
0.020449	1
0.000254	1
0.000000	1
0.993730	1
0.945387	1
0.631402	1
0.019714	1
0.000422	1
0.810532	1
0.000394	1
0.387025	1
0.496581	1
0.021195	1
0.971553	1
0.981903	1
0.986942	1
0.582578	1
0.000068	1
0.002806	1
0.027724	1
0.008977	1
0.998362	1
0.977658	1
0.044542	1
0.985566	1
0.993468	1
0.995419	1
0.975537	1
0.828063	1
0.988418	1
0.995735	1
0.000217	1
0.264711	1
0.065305	1
0.002944	1
0.059304	1
0.997743	1
0.992033	1
0.545258	1
0.993238	1
0.990912	1
0.002464	1
0.935989	1
0.985689	1
0.926885	1
0.974399	1
0.980532	1
0.968610	1
0.958589	1
0.998620	1
0.000356	1
0.970995	1
0.210867	1
0.986634	1
0.979736	1
0.882973	1
0.979308	1
0.930395	1
0.990603	1
0.065101	1
0.986722	1
0.992541	1
0.997368	1
0.006338	1
0.997831	1
0.248010	1
0.993612	1
0.993857	1
0.996847	1
0.106170	1
0.982197	1
0.784593	1
0.908455	1
0.036208	1
0.944070	1
0.951186	1
0.997082	1
0.956328	1
0.000000	1
0.989850	1
0.428078	1
0.991766	1
0.996184	1
0.938993	1
0.855547	1
0.994109	1
0.976751	1
0.000232	1
0.057396	1
0.026237	1
0.997077	1
0.002596	1
0.815686	1
0.834950	1
0.885162	1
0.938367	1
0.988658	1
0.976339	1
0.000591	1
0.010463	1
0.992485	1
0.987853	1
0.562933	1
0.994268	1
0.993741	1
0.986510	1
0.956265	1
0.407231	1
0.984963	1
0.000010	1
0.998367	1
0.000066	1
0.995736	1
0.994442	1
0.004979	1
0.997560	1
0.976694	1
0.847349	1
0.981357	1
0.990156	1
0.986621	1
0.018958	1
0.000002	1
0.994055	1
0.992984	1
0.010229	1
0.989005	1
0.000483	1
0.956572	1
0.000591	1
0.840695	1
0.078838	1
0.000028	1
0.252379	1
0.000013	1
0.996175	1
0.995954	1
0.924797	1
0.000152	1
0.972641	1
0.261298	1
0.978924	1
0.948914	1
0.906821	1
0.991847	1
0.991676	1
0.679865	1
0.984808	1
0.994020	1
0.000004	1
0.349277	1
0.977985	1
0.997455	1
0.986156	1
0.986756	1
0.011245	1
0.980917	1
0.996815	1
0.785589	1
0.185836	1
0.995791	1
0.782659	1
0.987886	1
0.920429	1
0.000000	1
0.989549	1
0.948255	1
0.931514	1
0.802960	1
0.960856	1
0.996100	1
0.954929	1
0.003342	1
0.934489	1
0.970373	1
0.991182	1
0.000697	1
0.948815	1
0.991931	1
0.809804	1
0.991880	1
0.000022	1
0.981666	1
0.000002	1
0.983767	1
0.995112	1
0.773451	1
0.998365	1
0.000003	1
0.995124	1
0.000073	1
0.994519	1
0.988658	1
0.052858	1
0.990945	1
0.994033	1
0.000000	1
0.983843	1
0.956606	1
0.620560	1
0.994738	1
0.953623	1
0.349182	1
0.953702	1
0.937174	1
0.993857	1
0.990676	1
0.939851	1
0.996974	1
0.834962	1
0.649741	1
0.128007	1
0.068555	1
0.992775	1
0.988991	1
0.994751	1
0.127960	1
0.047596	1
0.901050	1
0.845857	1
0.594654	1
0.000000	1
0.975641	1
0.998970	1
0.994592	1
0.973265	1
0.893513	1
0.967293	1
0.996605	1
0.000009	1
0.000121	1
0.991035	1
0.990632	1
0.316943	1
0.941519	1
0.989868	1
0.000003	1
0.947640	1
0.988603	1
0.985173	1
0.996095	1
0.004485	1
0.807601	1
0.959266	1
0.997540	1
0.016071	1
0.986382	1
0.986908	1
0.069939	1
0.000001	1
0.981314	1
0.000000	1
0.937878	1
0.000788	1
0.266850	1
0.975632	1
0.647843	1
0.969799	1
0.995191	1
0.866046	1
0.878011	1
0.000004	1
0.111239	1
0.006696	1
0.002155	1
0.893942	1
0.000104	1
0.856339	1
0.978078	1
0.994908	1
0.000002	1
0.976197	1
0.000441	1
0.978234	1
0.058911	1
0.991472	1
0.177069	1
0.005964	1
0.993866	1
0.889074	1
0.973068	1
0.852111	1
0.982577	1
0.356635	1
0.150935	1
0.014363	1
0.963109	1
0.119806	1
0.246355	1
0.994930	1
0.968715	1
0.967083	1
0.026641	1
0.983551	1
0.995308	1
0.921600	1
0.996752	1
0.891787	1
0.867564	1
0.994573	1
0.043994	1
0.048003	1
0.095760	1
0.000073	1
0.980798	1
0.959923	1
0.983807	1
0.980648	1
0.995924	1
0.961571	1
0.997331	1
0.991653	1
0.046925	1
0.997694	1
0.869971	1
0.000000	1
0.000008	1
0.966683	1
0.007712	1
0.000176	1
0.990295	1
0.000198	1
0.998093	1
0.900208	1
0.994103	1
0.143306	1
0.997343	1
0.965415	1
0.988042	1
0.917614	1
0.120155	1
0.699098	1
0.003859	1
0.849762	1
0.884971	1
0.002016	1
0.991724	1
0.994949	1
0.603100	1
0.940395	1
0.017797	1
0.002928	1
0.091238	1
0.981925	1
0.003356	1
0.938913	1
0.952327	1
0.734480	1
0.000827	1
0.991887	1
0.961604	1
0.998349	1
0.000010	1
0.996408	1
0.902327	1
0.980275	1
0.967952	1
0.014471	1
0.255654	1
0.111571	1
0.961306	1
0.000971	1
0.984564	1
0.975770	1
0.000041	1
0.986961	1
0.003578	1
0.084973	1
0.943187	1
0.991816	1
0.976683	1
0.945512	1
0.001833	1
0.993148	1
0.000977	1
0.685207	1
0.032774	1
0.000001	1
0.001263	1
0.989526	1
0.000301	1
0.068708	1
0.857674	1
0.919391	1
0.990029	1
0.905200	1
0.749835	1
0.959413	1
0.994425	1
0.970789	1
0.900447	1
0.995799	1
0.992574	1
0.996761	1
0.114326	1
0.000093	1
0.000573	1
0.993591	1
0.997949	1
0.994601	1
0.973685	1
0.993781	1
0.000657	1
0.326073	1
0.959750	1
0.026087	1
0.725699	1
0.954117	1
0.000124	1
0.906587	1
0.997699	1
0.000195	1
0.809054	1
0.945857	1
0.009180	1
0.946314	1
0.952521	1
0.977202	1
0.037964	1
0.993427	1
0.000022	1
0.994212	1
0.986582	1
0.990558	1
0.957498	1
0.994968	1
0.000000	1
0.997469	1
0.002204	1
0.000034	1
0.628919	1
0.996908	1
0.991562	1
0.827642	1
0.021854	1
0.000081	1
0.995243	1
0.000724	1
0.912134	1
0.930808	1
0.000065	1
0.955023	1
0.018974	1
0.000559	1
0.992410	1
0.000268	1
0.993576	1
0.990162	1
0.000353	1
0.265246	1
0.822782	1
0.995014	1
0.000637	1
0.943555	1
0.967996	1
0.988074	1
0.992080	1
0.909606	1
0.000520	1
0.000687	1
0.900121	1
0.366955	1
0.996427	1
0.000011	1
0.996540	1
0.991920	1
0.984863	1
0.001000	1
0.534330	1
0.997895	1
0.988136	1
0.049198	1
0.952431	1
0.993959	1
0.045582	1
0.195214	1
0.627683	1
0.995314	1
0.000010	1
0.987505	1
0.972924	1
0.975815	1
0.844958	1
0.997015	1
0.996002	1
0.950987	1
0.000025	1
0.005466	1
0.991046	1
0.000003	1
0.839729	1
0.286365	1
0.995489	1
0.003769	1
0.989563	1
0.000027	1
0.955863	1
0.982939	1
0.963247	1
0.993547	1
0.984647	1
0.994938	1
0.315263	1
0.992055	1
0.990930	1
0.028827	1
0.663094	1
0.869623	1
0.972452	1
0.995786	1
0.984947	1
0.992112	1
0.992260	1
0.985392	1
0.961378	1
0.831479	1
0.000634	1
0.823540	1
0.674138	1
0.997263	1
0.973170	1
0.000927	1
0.985181	1
0.981431	1
0.902795	1
0.792781	1
0.997653	1
0.000007	1
0.953724	1
0.992382	1
0.983052	1
0.971413	1
0.009805	1
0.933327	1
0.951460	1
0.000027	1
0.994133	1
0.197840	1
0.995150	1
0.000013	1
0.034257	1
0.990381	1
0.221197	1
0.969838	1
0.998019	1
0.929177	1
0.000007	1
0.979828	1
0.996811	1
0.642454	1
0.997035	1
0.000012	1
0.975443	1
0.992320	1
0.985900	1
0.989942	1
0.003433	1
0.986648	1
0.957424	1
0.000170	1
0.000420	1
0.951332	1
0.995499	1
0.705002	1
0.988762	1
0.982085	1
0.929802	1
0.975299	1
0.964008	1
0.738754	1
0.838384	1
0.977560	1
0.997111	1
0.000114	1
0.924406	1
0.856912	1
0.976804	1
0.000104	1
0.155474	1
0.992661	1
0.997084	1
0.973075	1
0.960130	1
0.991486	1
0.996903	1
0.072239	1
0.995090	1
0.988262	1
0.000001	1
0.086652	1
0.965892	1
0.965528	1
0.671962	1
0.995680	1
0.000798	1
0.984739	1
0.000004	1
0.996565	1
0.678780	1
0.997753	1
0.288992	1
0.997114	1
0.951187	1
0.000000	1
0.992880	1
0.802737	1
0.960836	1
0.050204	1
0.979669	1
0.981957	1
0.990064	1
0.984808	1
0.176774	1
0.995421	1
0.990760	1
0.986276	1
0.946678	1
0.994805	1
0.995722	1
0.910122	1
0.994417	1
0.982401	1
0.000003	1
0.592968	1
0.000107	1
0.666009	1
0.945864	1
0.681226	1
0.975475	1
0.976362	1
0.000016	1
0.000034	1
0.959875	1
0.992090	1
0.991164	1
0.906643	1
0.007314	1
0.986122	1
0.858586	1
0.989286	1
0.919265	1
0.996566	1
0.194907	1
0.773991	1
0.000463	1
0.983377	1
0.983017	1
0.980920	1
0.013409	1
0.988384	1
0.994416	1
0.995809	1
0.035650	1
0.978456	1
0.996605	1
0.990763	1
0.983603	1
0.000001	1
0.983527	1
0.000021	1
0.176486	1
0.905021	1
0.990172	1
0.000207	1
0.996298	1
0.000000	1
0.007502	1
0.993637	1
0.002988	1
0.983576	1
0.000004	1
0.868856	1
0.969470	1
0.988189	1
0.000599	1
0.996251	1
0.988959	1
0.994060	1
0.985841	1
0.992085	1
0.000070	1
0.995098	1
0.997340	1
0.994225	1
0.964441	1
0.996985	1
0.938097	1
0.990967	1
0.001347	1
0.972755	1
0.975608	1
0.993888	1
0.993316	1
0.982060	1
0.991539	1
0.980707	1
0.909900	1
0.001075	1
0.914990	1
0.971827	1
0.000000	1
0.704275	1
0.996997	1
0.995759	1
0.991620	1
0.004728	1
0.995722	1
0.987157	1
0.995155	1
0.997337	1
0.005028	1
0.014375	1
0.942043	1
0.000082	1
0.011104	1
0.983155	1
0.993172	1
0.988017	1
0.996358	1
0.998737	1
0.971023	1
0.434118	1
0.983915	1
0.879065	1
0.859879	1
0.982102	1
0.981896	1
0.994822	1
0.977565	1
0.001366	1
0.997167	1
0.688254	1
0.993182	1
0.000102	1
0.996209	1
0.992281	1
0.889292	1
0.971607	1
0.532432	1
0.997413	1
0.952276	1
0.000001	1
0.969697	1
0.000607	1
0.993730	1
0.186841	1
0.995892	1
0.993676	1
0.986908	1
0.974744	1
0.935074	1
0.002013	1
0.028341	1
0.000014	1
0.845226	1
0.986522	1
0.992283	1
0.101419	1
0.012699	1
0.142926	1
0.976053	1
0.844389	1
0.996013	1
0.996725	1
0.000679	1
0.982959	1
0.906396	1
0.990158	1
0.000006	1
0.985598	1
0.994823	1
0.044352	1
0.976442	1
0.951816	1
0.318778	1
0.967328	1
0.997485	1
0.990879	1
0.003778	1
0.063566	1
0.053554	1
0.004757	1
0.995778	1
0.934800	1
0.992874	1
0.005114	1
0.944683	1
0.982315	1
0.505814	1
0.997230	1
0.825665	1
0.000000	1
0.996340	1
0.998435	1
0.979154	1
0.540603	1
0.968719	1
0.000766	1
0.952327	1
0.976976	1
0.855850	1
0.065946	1
0.762148	1
0.000028	1
0.996560	1
0.995655	1
0.984121	1
0.997705	1
0.997195	1
0.000000	1
0.976590	1
0.367253	1
0.979634	1
0.988793	1
0.879626	1
0.996041	1
0.998294	1
0.976043	1
0.751701	1
0.966668	1
0.994851	1
0.004564	1
0.996350	1
0.986569	1
0.000429	1
0.421053	1
0.986421	1
0.998659	1
0.991811	1
0.001383	1
0.969825	1
0.973281	1
0.938796	1
0.985562	1
0.486679	1
0.974769	1
0.000044	1
0.997120	1
0.995688	1
0.996935	1
0.201067	1
0.948476	1
0.713886	1
0.047217	1
0.979916	1
0.931202	1
0.004370	1
0.988666	1
0.994487	1
0.019550	1
0.848122	1
0.361344	1
0.838802	1
0.003957	1
0.991997	1
0.015047	1
0.990258	1
0.984948	1
0.958398	1
0.983964	1
0.463472	1
0.989769	1
0.991290	1
0.964029	1
0.995066	1
0.000005	1
0.993035	1
0.945280	1
0.997012	1
0.067078	1
0.069929	1
0.986838	1
0.971515	1
0.980619	1
0.000000	1
0.624858	1
0.544323	1
0.721835	1
0.990037	1
0.000126	1
0.282656	1
0.694270	1
0.178041	1
0.000102	1
0.996444	1
0.990699	1
0.236425	1
0.974715	1
0.058600	1
0.990788	1
0.000000	1
0.985497	1
0.283919	1
0.991684	1
0.942902	1
0.007441	1
0.998340	1
0.985777	1
0.979269	1
0.940241	1
0.906760	1
0.000007	1
0.995814	1
0.914911	1
0.996413	1
0.001728	1
0.856421	1
0.977296	1
0.231612	1
0.007569	1
0.001032	1
0.552992	1
0.000001	1
0.000069	1
0.991041	1
0.086560	1
0.699443	1
0.000031	1
0.993541	1
0.116378	1
0.990708	1
0.997735	1
0.990878	1
0.279942	1
0.968033	1
0.989385	1
0.000007	1
0.000001	1
0.995200	1
0.005122	1
0.987503	1
0.985255	1
0.005525	1
0.989630	1
0.879519	1
0.319697	1
0.993957	1
0.986467	1
0.967156	1
0.996746	1
0.994291	1
0.956384	1
0.180942	1
0.992785	1
0.982224	1
0.980235	1
0.358456	1
0.539492	1
0.001631	1
0.017102	1
0.983860	1
0.933480	1
0.952928	1
0.874718	1
0.983682	1
0.992788	1
0.993398	1
0.873446	1
0.989455	1
0.947043	1
0.000519	1
0.994585	1
0.995843	1
0.883076	1
0.955143	1
0.927437	1
0.996764	1
0.008362	1
0.435965	1
0.983422	1
0.913832	1
0.001416	1
0.003805	1
0.056185	1
0.000464	1
0.012170	1
0.468422	1
0.954769	1
0.988792	1
0.993791	1
0.993047	1
0.925963	1
0.972660	1
0.011884	1
0.218344	1
0.904996	1
0.000418	1
0.010507	1
0.002996	1
0.000042	1
0.001269	1
0.989922	1
0.983345	1
0.990442	1
0.992560	1
0.000126	1
0.936137	1
0.739449	1
0.996065	1
0.000486	1
0.995282	1
0.001385	1
0.003858	1
0.956878	1
0.995455	1
0.155599	1
0.987290	1
0.987689	1
0.214292	1
0.986243	1
0.993028	1
0.092647	1
0.978826	1
0.996695	1
0.002627	1
0.984367	1
0.989783	1
0.990249	1
0.996254	1
0.000002	1
0.471838	1
0.995170	1
0.019127	1
0.334639	1
0.950940	1
0.983579	1
0.982162	1
0.978699	1
0.724559	1
0.002233	1
0.878630	1
0.997088	1
0.002353	1
0.952931	1
0.983338	1
0.987349	1
0.997492	1
0.982915	1
0.997787	1
0.974968	1
0.992634	1
0.000002	1
0.900902	1
0.985283	1
0.028705	1
0.995851	1
0.995416	1
0.982649	1
0.990869	1
0.000000	1
0.839314	1
0.996852	1
0.971322	1
0.000011	1
0.995262	1
0.994408	1
0.987344	1
0.991390	1
0.873869	1
0.982801	1
0.001071	1
0.985742	1
0.000401	1
0.988958	1
0.078361	1
0.990271	1
0.952142	1
0.388371	1
0.000893	1
0.893560	1
0.004338	1
0.004922	1
0.980080	1
0.064836	1
0.000032	1
0.988911	1
0.044596	1
0.916044	1
0.996110	1
0.859521	1
0.000040	1
0.858208	1
0.992933	1
0.893006	1
0.880690	1
0.000009	1
0.995097	1
0.874164	1
0.489687	1
0.960474	1
0.990471	1
0.001030	1
0.807659	1
0.034035	1
0.939658	1
0.001282	1
0.000301	1
0.984576	1
0.992149	1
0.984887	1
0.994581	1
0.898082	1
0.987314	1
0.988998	1
0.994854	1
0.859142	1
0.982247	1
0.996190	1
0.967137	1
0.954544	1
0.989322	1
0.000921	1
0.190512	1
0.975792	1
0.981806	1
0.996905	1
0.044475	1
0.987457	1
0.997086	1
0.997772	1
0.993273	1
0.004571	1
0.979895	1
0.678987	1
0.992719	1
0.988759	1
0.792511	1
0.996885	1
0.000117	1
0.000003	1
0.307221	1
0.993389	1
0.024092	1
0.981778	1
0.987735	1
0.963249	1
0.001318	1
0.000066	1
0.015428	1
0.997307	1
0.979193	1
0.922405	1
0.993433	1
0.000011	1
0.990897	1
0.994172	1
0.967930	1
0.985382	1
0.997075	1
0.993417	1
0.992440	1
0.000008	1
0.976598	1
0.052757	1
0.993646	1
0.954072	1
0.991717	1
0.989644	1
0.993333	1
0.987000	1
0.984956	1
0.952035	1
0.032570	1
0.760315	1
0.995346	1
0.996544	1
0.000013	1
0.900698	1
0.840609	1
0.973797	1
0.989332	1
0.951388	1
0.940396	1
0.002638	1
0.000002	1
0.872929	1
0.000287	1
0.956606	1
0.974618	1
0.238534	1
0.508505	1
0.117196	1
0.893296	1
0.904428	1
0.000109	1
0.994717	1
0.000001	1
0.994667	1
0.997787	1
0.912290	1
0.993032	1
0.000002	1
0.994072	1
0.891100	1
0.994582	1
0.046299	1
0.941045	1
0.601224	1
0.988965	1
0.173955	1
0.983286	1
0.000031	1
0.997309	1
0.959873	1
0.894550	1
0.014220	1
0.970263	1
0.998875	1
0.984204	1
0.993436	1
0.888018	1
0.962467	1
0.997388	1
0.987205	1
0.000217	1
0.609105	1
0.959127	1
0.000133	1
0.973051	1
0.993334	1
0.001219	1
0.992036	1
0.992307	1
0.986008	1
0.984239	1
0.997633	1
0.977329	1
0.989548	1
0.001304	1
0.986245	1
0.996282	1
0.973277	1
0.002044	1
0.008995	1
0.991147	1
0.044413	1
0.927440	1
0.995165	1
0.044179	1
0.016118	1
0.895344	1
0.966734	1
0.022258	1
0.921703	1
0.984169	1
0.975352	1
0.995524	1
0.199341	1
0.828988	1
0.997396	1
0.985499	1
0.996916	1
0.991356	1
0.979958	1
0.001361	1
0.000347	1
0.993904	1
0.000001	1
0.973651	1
0.985506	1
0.990409	1
0.000001	1
0.997428	1
0.994169	1
0.000080	1
0.989921	1
0.833484	1
0.000564	1
0.906085	1
0.000127	1
0.962838	1
0.978745	1
0.000812	1
0.995851	1
0.001208	1
0.017808	1
0.996059	1
0.000030	1
0.000495	1
0.001156	1
0.925758	1
0.996078	1
0.962524	1
0.875182	1
0.000025	1
0.920166	1
0.005482	1
0.997908	1
0.997439	1
0.979565	1
0.533982	1
0.935495	1
0.993597	1
0.849928	1
0.918535	1
0.443430	1
0.990582	1
0.981093	1
0.000061	1
0.346999	1
0.000099	1
0.960496	1
0.000696	1
0.806540	1
0.985947	1
0.995383	1
0.172294	1
0.992342	1
0.994212	1
0.073929	1
0.022931	1
0.991055	1
0.956134	1
0.527472	1
0.964284	1
0.961951	1
0.021263	1
0.995662	1
0.000032	1
0.991275	1
0.078560	1
0.985916	1
0.995058	1
0.000018	1
0.002707	1
0.996687	1
0.973437	1
0.251768	1
0.996475	1
0.261772	1
0.988849	1
0.992728	1
0.002356	1
0.959884	1
0.987427	1
0.995864	1
0.998758	1
0.995428	1
0.988366	1
0.991273	1
0.980085	1
0.989752	1
0.993959	1
0.996661	1
0.118268	1
0.969760	1
0.922830	1
0.995995	1
0.992757	1
0.132265	1
0.982459	1
0.000722	1
0.994549	1
0.896612	1
0.000009	1
0.996683	1
0.868436	1
0.336402	1
0.993380	1
0.721810	1
0.997952	1
0.003053	1
0.004734	1
0.991801	1
0.996243	1
0.953435	1
0.996583	1
0.000009	1
0.027389	1
0.944379	1
0.996455	1
0.011197	1
0.970208	1
0.988008	1
0.986389	1
0.992947	1
0.965907	1
0.994465	1
0.996674	1
0.997188	1
0.990768	1
0.992993	1
0.000211	1
0.002619	1
0.001627	1
0.945429	1
0.980345	1
0.990265	1
0.000054	1
0.000583	1
0.910921	1
0.988340	1
0.701237	1
0.040876	1
0.003073	1
0.000006	1
0.912809	1
0.814683	1
0.759051	1
0.000508	1
0.997306	1
0.986118	1
0.016059	1
0.880724	1
0.877318	1
0.983026	1
0.776644	1
0.993667	1
0.020499	1
0.985917	1
0.967003	1
0.010691	1
0.002524	1
0.988644	1
0.982292	1
0.971890	1
0.992901	1
0.003500	1
0.992982	1
0.000008	1
0.976811	1
0.975500	1
0.977999	1
0.990214	1
0.998208	1
0.932683	1
0.000606	1
0.000035	1
0.002931	1
0.968088	1
0.000000	1
0.886452	1
0.976037	1
0.000030	1
0.000526	1
0.173140	1
0.998038	1
0.000002	1
0.122478	1
0.949927	1
0.068093	1
0.000008	1
0.996930	1
0.992615	1
0.993168	1
0.000008	1
0.000186	1
0.845475	1
0.946369	1
0.030026	1
0.997476	1
0.981220	1
0.981127	1
0.353723	1
0.995557	1
0.752294	1
0.982067	1
0.374246	1
0.996996	1
0.968498	1
0.993722	1
0.992109	1
0.000000	1
0.107491	1
0.853097	1
0.012831	1
0.989941	1
0.981504	1
0.000001	1
0.996790	1
0.721795	1
0.997491	1
0.038483	1
0.936222	1
0.133140	1
0.918510	1
0.986510	1
0.973188	1
0.855889	1
0.962980	1
0.000056	1
0.008084	1
0.902849	1
0.048322	1
0.993554	1
0.000000	1
0.988183	1
0.917275	1
0.075018	1
0.897980	1
0.975526	1
0.081528	1
0.997098	1
0.990597	1
0.992651	1
0.996990	1
0.635975	1
0.990452	1
0.990988	1
0.704108	1
0.167815	1
0.180589	1
0.084006	1
0.000731	1
0.000410	1
0.957481	1
0.988385	1
0.000098	1
0.993636	1
0.000133	1
0.179486	1
0.000173	1
0.987923	1
0.002093	1
0.995807	1
0.000491	1
0.040392	1
0.870312	1
0.997474	1
0.951234	1
0.996727	1
0.199193	1
0.140330	1
0.971754	1
0.993388	1
0.988022	1
0.992620	1
0.007914	1
0.995883	1
0.994918	1
0.996271	1
0.877670	1
0.018669	1
0.992140	1
0.976157	1
0.960115	1
0.131176	1
0.532462	1
0.960678	1
0.958683	1
0.995552	1
0.000001	1
0.000424	1
0.985312	1
0.995554	1
0.977521	1
0.984951	1
0.994739	1
0.571182	1
0.982141	1
0.000008	1
0.986510	1
0.996189	1
0.967194	1
0.000006	1
0.004475	1
0.981951	1
0.175509	1
0.938577	1
0.008903	1
0.000000	1
0.993202	1
0.000055	1
0.987941	1
0.982326	1
0.985910	1
0.985881	1
0.000033	1
0.002925	1
0.000000	1
0.978215	1
0.000016	1
0.861604	1
0.020582	1
0.098368	1
0.997758	1
0.994943	1
0.988625	1
0.966896	1
0.024681	1
0.989224	1
0.000081	1
0.984663	1
0.994042	1
0.002453	1
0.000061	1
0.000006	1
0.000045	1
0.991182	1
0.993986	1
0.892956	1
0.940738	1
0.590192	1
0.979151	1
0.994599	1
0.274829	1
0.979682	1
0.959338	1
0.022630	1
0.957580	1
0.910062	1
0.996732	1
0.968583	1
0.003349	1
0.993391	1
0.974686	1
0.047784	1
0.972630	1
0.384582	1
0.954054	1
0.991354	1
0.990660	1
0.922311	1
0.001407	1
0.994677	1
0.811795	1
0.000258	1
0.922452	1
0.310897	1
0.931687	1
0.011575	1
0.000699	1
0.909781	1
0.108243	1
0.000004	1
0.991770	1
0.004723	1
0.992095	1
0.367627	1
0.887575	1
0.018357	1
0.771265	1
0.000532	1
0.991528	1
0.996213	1
0.868622	1
0.996563	1
0.895250	1
0.983788	1
0.993859	1
0.004954	1
0.960335	1
0.977066	1
0.000002	1
0.967313	1
0.298519	1
0.989004	1
0.000826	1
0.001176	1
0.000000	1
0.912938	1
0.005155	1
0.979374	1
0.930679	1
0.000437	1
0.476016	1
0.955082	1
0.993926	1
0.965087	1
0.031612	1
0.990517	1
0.039974	1
0.978216	1
0.996343	1
0.990165	1
0.996442	1
0.993099	1
0.991038	1
0.384772	1
0.979357	1
0.000262	1
0.976841	1
0.985803	1
0.005583	1
0.617022	1
0.990463	1
0.993020	1
0.982133	1
0.216391	1
0.000482	1
0.981602	1
0.000005	1
0.018120	1
0.909080	1
0.106321	1
0.996490	1
0.994299	1
0.989664	1
0.090028	1
0.815139	1
0.993353	1
0.955207	1
0.995747	1
0.306273	1
0.971887	1
0.086736	1
0.011854	1
0.704434	1
0.130733	1
0.982713	1
0.987662	1
0.990712	1
0.896164	1
0.988247	1
0.336096	1
0.988644	1
0.341497	1
0.996724	1
0.034140	1
0.976421	1
0.172270	1
0.606019	1
0.006421	1
0.985958	1
0.002184	1
0.962061	1
0.000468	1
0.000159	1
0.919690	1
0.000004	1
0.994511	1
0.997091	1
0.938911	1
0.964421	1
0.875286	1
0.153170	1
0.012085	1
0.909779	1
0.989880	1
0.986266	1
0.987751	1
0.985596	1
0.991946	1
0.840440	1
0.005109	1
0.000531	1
0.993620	1
0.003867	1
0.002290	1
0.207435	1
0.000001	1
0.972240	1
0.190452	1
0.095709	1
0.000129	1
0.953659	1
0.000031	1
0.994501	1
0.002539	1
0.026895	1
0.984358	1
0.004236	1
0.997435	1
0.001336	1
0.984353	1
0.998233	1
0.976670	1
0.997023	1
0.000802	1
0.994290	1
0.001255	1
0.986792	1
0.994565	1
0.976879	1
0.777307	1
0.485401	1
0.993965	1
0.001065	1
0.002400	1
0.000039	1
0.068817	1
0.032625	1
0.472224	1
0.969544	1
0.998286	1
0.604060	1
0.990276	1
0.238804	1
0.987626	1
0.955546	1
0.993055	1
0.988061	1
0.997165	1
0.827002	1
0.917480	1
0.940319	1
0.287600	1
0.000933	1
0.993315	1
0.968843	1
0.001348	1
0.000024	1
0.977915	1
0.002283	1
0.073120	1
0.988199	1
0.987647	1
0.929222	1
0.005245	1
0.995634	1
0.931408	1
0.995709	1
0.991322	1
0.000316	1
0.826922	1
0.000936	1
0.896613	1
0.000081	1
0.996185	1
0.985070	1
0.438951	1
0.918351	1
0.021773	1
0.965957	1
0.998653	1
0.894391	1
0.000037	1
0.880789	1
0.965617	1
0.996216	1
0.000066	1
0.984835	1
0.990525	1
0.982711	1
0.945607	1
0.001203	1
0.993378	1
0.994450	1
0.000379	1
0.000096	1
0.993052	1
0.337462	1
0.963186	1
0.001798	1
0.992660	1
0.000541	1
0.976511	1
0.221303	1
0.998067	1
0.996047	1
0.000009	1
0.000045	1
0.967878	1
0.000400	1
0.984948	1
0.923847	1
0.000596	1
0.997264	1
0.000000	1
0.996272	1
0.929393	1
0.505121	1
0.000407	1
0.997590	1
0.950164	1
0.995871	1
0.976940	1
0.000020	1
0.251588	1
0.007482	1
0.230735	1
0.991795	1
0.000028	1
0.990299	1
0.000003	1
0.993329	1
0.000005	1
0.990295	1
0.918941	1
0.956632	1
0.957468	1
0.245400	1
0.983754	1
0.025556	1
0.985974	1
0.998414	1
0.663221	1
0.989142	1
0.000001	1
0.978707	1
0.962588	1
0.000001	1
0.002558	1
0.790015	1
0.985706	1
0.963687	1
0.974386	1
0.974054	1
0.979428	1
0.997779	1
0.960849	1
0.000098	1
0.980035	1
0.058479	1
0.982028	1
0.000008	1
0.923942	1
0.971809	1
0.755296	1
0.969186	1
0.933362	1
0.995618	1
0.993646	1
0.927416	1
0.996242	1
0.971083	1
0.994136	1
0.987104	1
0.000169	1
0.000034	1
0.074021	1
0.149203	1
0.000626	1
0.914679	1
0.996849	1
0.994422	1
0.964810	1
0.259097	1
0.831275	1
0.989654	1
0.000005	1
0.990918	1
0.798361	1
0.979549	1
0.998739	1
0.000015	1
0.000001	1
0.000076	1
0.988803	1
0.998023	1
0.604754	1
0.992936	1
0.990204	1
0.836680	1
0.001814	1
0.997165	1
0.406052	1
0.984945	1
0.952142	1
0.990407	1
0.000001	1
0.247538	1
0.313699	1
0.000102	1
0.991414	1
0.996898	1
0.357837	1
0.996155	1
0.973722	1
0.000146	1
0.000036	1
0.007772	1
0.992065	1
0.990968	1
0.937030	1
0.001359	1
0.002363	1
0.001764	1
0.992096	1
0.102059	1
0.000002	1
0.989095	1
0.141159	1
0.025422	1
0.173446	1
0.746512	1
0.950198	1
0.297063	1
0.023352	1
0.963421	1
0.974497	1
0.997187	1
0.000004	1
0.990046	1
0.004557	1
0.000109	1
0.997666	1
0.187695	1
0.830968	1
0.998620	1
0.994074	1
0.431890	1
0.425551	1
0.996733	1
0.004929	1
0.996141	1
0.004617	1
0.945378	1
0.887031	1
0.001226	1
0.977726	1
0.989497	1
0.988797	1
0.033549	1
0.983932	1
0.976740	1
0.000000	1
0.994784	1
0.000000	1
0.994398	1
0.975055	1
0.039128	1
0.994490	1
0.193316	1
0.992349	1
0.994352	1
0.986656	1
0.000379	1
0.000010	1
0.001493	1
0.708685	1
0.981393	1
0.000481	1
0.996425	1
0.000390	1
0.797433	1
0.243837	1
0.407288	1
0.000001	1
0.583747	1
0.042225	1
0.994459	1
0.997498	1
0.000025	1
0.989994	1
0.957089	1
0.995136	1
0.995833	1
0.611539	1
0.932373	1
0.000009	1
0.009375	1
0.011733	1
0.215822	1
0.970103	1
0.992854	1
0.947978	1
0.946219	1
0.000000	1
0.996877	1
0.512490	1
0.826787	1
0.895388	1
0.063314	1
0.015258	1
0.914618	1
0.994777	1
0.995074	1
0.000166	1
0.984495	1
0.995728	1
0.937374	1
0.736665	1
0.077371	1
0.997885	1
0.015435	1
0.028119	1
0.769654	1
0.997623	1
0.006670	1
0.259494	1
0.001316	1
0.938940